Some((
    red: 0.7838096,
    green: 0.8430644,
    blue: 0.85640913,
    alpha: 1.0,
))