Some((
    red: 0.38522488,
    green: 0.43831325,
    blue: 0.4502324,
))