Some((
    red: 0.173257,
    green: 0.19220394,
    blue: 0.2153629,
    alpha: 1.0,
))